Local Mins:
0.48778
0.20658
0.16783
0.44198
0.17939
0.11876
0.05241
0.06263
0.15343
0.05230
0.09615
0.13248
0.20179
0.09880
0.14958
1.40421
0.43095
0.26643
0.10483
0.13647
0.28869
0.16161
0.23803
0.10116
0.29190
0.17581
0.19252
0.13565
0.10495
0.22325
0.08294
3.67134
0.24050
0.15020
0.10263
0.15814
0.19566
0.05872
0.06272
0.17065
0.28869
0.16161
0.23803
0.10116
0.29190
0.17581
0.19252
0.13565
0.10495
0.22325
0.08294
3.67134
0.24050
0.15020
0.10263
0.15814
0.19566
0.05872
0.06272
0.17065
0.28869
0.16161
0.23803
0.10116
0.29190
0.17581
0.19252
0.13565
0.10495
0.22325
0.08294
3.67134
0.24050
0.15020
0.10263
0.15814
0.19566
0.05872
0.06272
0.17065
0.28869
0.16161
0.23803
0.10116
0.29190
0.17581
0.19252
0.13565
0.10495
0.22325
0.08294
3.67134
0.24050
0.15020
0.10263
0.15814
0.19566
0.05872
0.06272
0.17065
PSA execution times:
42.63597
54.87788
59.24996
45.27815
77.10511
87.57642
84.29865
85.80195
63.81208
100.70531
73.90602
59.26634
50.67718
73.44794
57.38197
32.57572
37.36237
51.62224
72.30572
88.33063
53.72466
74.11418
53.68934
88.57937
66.74883
80.86738
59.96063
56.27586
85.30180
53.14994
75.00468
36.84731
68.89785
58.80906
69.49567
60.22689
51.04668
104.03496
94.06925
60.35068
53.61232
74.11827
53.80778
88.49075
66.76517
80.91109
60.11041
56.22970
85.44813
53.17342
74.99783
36.85387
68.89125
58.76175
69.60009
60.19125
51.08245
104.13425
94.14441
60.39073
53.79434
74.15487
53.68576
88.52982
66.79245
80.88687
60.06243
56.20624
85.39606
53.12995
75.11198
36.87041
68.88786
58.75677
69.64821
60.21580
51.12545
104.11168
94.09804
60.43735
53.71097
74.08877
53.80783
88.51872
66.73836
80.77969
59.88610
56.22544
85.37400
53.14909
74.95840
36.86681
68.85950
58.73008
69.47959
60.27134
51.10448
104.13917
94.02789
60.40095

# of Threads: 10

# of Iterations: 
5189.00000
6794.00000
7310.00000
5602.00000
9612.00000
10905.00000
10474.00000
10693.00000
7936.00000
12555.00000
9202.00000
7381.00000
6313.00000
9165.00000
7155.00000
4064.00000
4650.00000
6434.00000
8998.00000
10994.00000
6551.00000
9152.00000
6656.00000
11030.00000
8311.00000
10076.00000
7450.00000
7007.00000
10627.00000
6629.00000
9352.00000
4582.00000
8588.00000
7326.00000
8678.00000
7508.00000
6370.00000
12970.00000
11722.00000
7368.00000
6551.00000
9152.00000
6656.00000
11030.00000
8311.00000
10076.00000
7450.00000
7007.00000
10627.00000
6629.00000
9352.00000
4582.00000
8588.00000
7326.00000
8678.00000
7508.00000
6370.00000
12970.00000
11722.00000
7368.00000
6551.00000
9152.00000
6656.00000
11030.00000
8311.00000
10076.00000
7450.00000
7007.00000
10627.00000
6629.00000
9352.00000
4582.00000
8588.00000
7326.00000
8678.00000
7508.00000
6370.00000
12970.00000
11722.00000
7368.00000
6551.00000
9152.00000
6656.00000
11030.00000
8311.00000
10076.00000
7450.00000
7007.00000
10627.00000
6629.00000
9352.00000
4582.00000
8588.00000
7326.00000
8678.00000
7508.00000
6370.00000
12970.00000
11722.00000
7368.00000
