Local Mins:
0.04815
0.02588
0.05570
0.03286
0.03227
0.01108
0.04312
0.04509
0.06399
0.04375
0.12027
0.07274
0.02168
0.01553
0.51453
0.06584
0.02460
0.04658
0.29726
0.22628
0.12027
0.07274
0.02168
0.01553
0.51453
0.06584
0.02460
0.04658
0.29726
0.22628
0.12027
0.07274
0.02168
0.01553
0.51453
0.06584
0.02460
0.04658
0.29726
0.22628
0.12027
0.07274
0.02168
0.01553
0.51453
0.06584
0.02460
0.04658
0.29726
0.22628
0.12027
0.07274
0.02168
0.01553
0.51453
0.06584
0.02460
0.04658
0.29726
0.22628
0.12027
0.07274
0.02168
0.01553
0.51453
0.06584
0.02460
0.04658
0.29726
0.22628
0.12027
0.07274
0.02168
0.01553
0.51453
0.06584
0.02460
0.04658
0.29726
0.22628
0.12027
0.07274
0.02168
0.01553
0.51453
0.06584
0.02460
0.04658
0.29726
0.22628
0.12027
0.07274
0.02168
0.01553
0.51453
0.06584
0.02460
0.04658
0.29726
0.22628
PSA execution times:
275.91860
346.08463
346.09703
324.33139
152.78520
245.98879
164.87962
130.04487
113.73296
127.93759
345.04032
237.89533
406.23015
319.87208
105.54268
125.94462
163.32048
169.55174
108.10582
112.73875
346.40488
238.30163
405.87931
319.24969
98.18761
123.40304
163.27689
173.93457
117.45098
104.94322
346.10926
238.03509
405.79563
327.13717
99.39542
133.58711
166.70464
171.70566
106.90406
113.98287
147.04553
98.84361
170.42354
166.13388
84.44939
109.24381
139.45813
142.17394
89.25567
91.40244
147.14422
98.46868
170.43972
166.00432
84.67331
109.10127
139.31281
142.19091
89.17019
91.26611
147.35754
98.54845
170.33363
165.83776
84.43436
109.03543
139.37998
142.34236
89.37461
91.53892
346.61827
238.18518
405.69648
323.62143
97.25656
138.40642
171.71040
168.96145
111.48302
107.74420
345.30087
238.02490
405.97227
320.87076
102.62888
126.06153
173.26277
164.44606
107.98674
104.74823
346.20769
238.02790
406.29223
324.39550
104.39455
130.41599
162.31745
168.67832
110.95900
108.99997

# of Threads: 10

# of Iterations: 
7079
8870
8915
10228
8043
12732
8309
6871
5957
8188
8905
6074
10460
10214
5191
6680
8555
8769
5421
5597
8905
6074
10460
10214
5191
6680
8555
8769
5421
5597
8905
6074
10460
10214
5191
6680
8555
8769
5421
5597
8905
6074
10460
10214
5191
6680
8555
8769
5421
5597
8905
6074
10460
10214
5191
6680
8555
8769
5421
5597
8905
6074
10460
10214
5191
6680
8555
8769
5421
5597
8905
6074
10460
10214
5191
6680
8555
8769
5421
5597
8905
6074
10460
10214
5191
6680
8555
8769
5421
5597
8905
6074
10460
10214
5191
6680
8555
8769
5421
5597
