Local Mins:
0.01251
0.00554
0.00749
0.00753
0.02861
0.01205
0.02663
0.02055
0.00838
0.02545
0.01108
0.01777
0.01781
0.00949
0.01779
0.00861
0.01318
0.01279
0.01282
0.00688
0.01108
0.01777
0.01781
0.00949
0.01779
0.00861
0.01318
0.01279
0.01282
0.00688
0.01108
0.01777
0.01781
0.00949
0.01779
0.00861
0.01318
0.01279
0.01282
0.00688
0.01108
0.01777
0.01781
0.00949
0.01779
0.00861
0.01318
0.01279
0.01282
0.00688
0.01108
0.01777
0.01781
0.00949
0.01779
0.00861
0.01318
0.01279
0.01282
0.00688
0.01108
0.01777
0.01781
0.00949
0.01779
0.00861
0.01318
0.01279
0.01282
0.00688
0.01108
0.01777
0.01781
0.00949
0.01779
0.00861
0.01318
0.01279
0.01282
0.00688
0.01108
0.01777
0.01781
0.00949
0.01779
0.00861
0.01318
0.01279
0.01282
0.00688
0.01108
0.01777
0.01781
0.00949
0.01779
0.00861
0.01318
0.01279
0.01282
0.00688
PSA execution times:
483.04433
778.48818
659.75826
488.93091
174.68476
290.78918
235.70180
295.08076
337.13333
148.77127
514.39460
491.60114
387.20188
684.83627
284.27595
235.68305
235.70955
233.89620
292.35313
377.66153
504.44026
491.37452
386.89269
685.39600
294.24652
246.52350
220.14917
254.29002
294.16692
347.95185
513.52080
491.38641
387.53557
685.31767
279.83189
250.85749
222.20078
265.24893
295.64749
327.27939
223.01331
209.80003
165.36100
292.40128
187.53423
208.57138
190.79095
214.54030
223.98230
293.65094
223.24908
209.87622
165.23556
292.52036
187.76577
208.77928
190.31369
214.71338
224.30632
293.71924
223.56298
209.93105
165.47042
291.98175
187.38608
208.42089
190.61902
214.61879
224.21415
294.02383
514.66299
491.21436
386.88733
684.78400
287.28591
242.42715
220.32117
250.23676
295.76929
375.81403
512.88052
491.72080
387.44072
685.16455
288.19066
250.35856
228.84614
282.96343
300.37705
337.60789
512.78560
491.49300
387.21394
684.87533
279.42550
235.60467
224.44245
261.74996
291.79575
345.22463

# of Threads: 10

# of Iterations: 
8521
13839
11632
12410
6195
11014
7622
9325
10812
6476
9062
8737
6847
12101
7739
8649
7946
8933
9335
12193
9062
8737
6847
12101
7739
8649
7946
8933
9335
12193
9062
8737
6847
12101
7739
8649
7946
8933
9335
12193
9062
8737
6847
12101
7739
8649
7946
8933
9335
12193
9062
8737
6847
12101
7739
8649
7946
8933
9335
12193
9062
8737
6847
12101
7739
8649
7946
8933
9335
12193
9062
8737
6847
12101
7739
8649
7946
8933
9335
12193
9062
8737
6847
12101
7739
8649
7946
8933
9335
12193
9062
8737
6847
12101
7739
8649
7946
8933
9335
12193
